타이베이,5,25,15,5,0.2,25,9,3
베이징,8,25,15,5,0.4,45,18,6  
마닐라,8,25,15,5,0.4,45,18,6
제주도,20,30
싱가포르,10,25,15,5,0.6,55,27,9
카이로,10,25,15,5,0.6,55,27,9
이스탄불,12,25,15,5,0.8,60,30,10
아테네,14,50,30,10,1,75,45,15
코펜하겐,16,50,30,10,1.2,90,50,18
스톡홀름,16,50,30,10,1.2,90,50,18
콩코드 여객기,30,20
베른,18,50,30,10,1.4,95,55,20
베를린,16,50,30,10,1.2,90,50,18
오타와,20,50,30,10,1.6,100,60,22
부에노스 아이레스,22,75,40,15,1.8,105,70,25
상파울루,24,75,45,15,2,110,75,30
시드니,24,75,45,15,2,110,75,30
부산,50,60
하와이,26,75,45,15,2.2,115,80,33
리스본,26,75,45,15,2.2,15,80,33
퀸 엘리자베스 호,30,25
마드리드,28,75,45,15,2.4,120,85,36
도쿄,30,100,60,20,2.6,127,90,39
컬럼비아 호,45,30
파리,32,100,60,20,2.8,140,100,45
로마,32,100,60,20,2.8,140,100,45
런던,35,100,60,20,3.5,150,110,50
뉴욕,35,100,60,20,3.5,150,110,50
서울,100,200